
			1000 600
			1.0
			-1
			-1
			on test_particle25000_poly1000 99999
			1.0     -1      -1      -1      -1      -1      -1      -1      0.04    -1      -1      -1      -1      -1      1.0  0.5  0.5
			1.0     10.0    1.0     3.0     -1      1.0     -1      1.0     1.0     -1      -1      -1      -1      -1      0.5  1.0  0.5
			0.7     -1      -1      -1      -1      -1      -1      -1      0.03    -1      -1      -1      -1      -1      0.5  0.5  1.0
			-1      -1      -1      -1      -1      -1      -1      -1      -1      -1      -1      -1      -1      -1      0.5  0.5  0.5
			caves
			1
			30 30
			74 99
			0.5 0.25
			1
			1000
			4 50 110 55 115 65 105 60 100 4 70 110 75 115 85 105 80 100 4 90 110 95 115 105 105 100 100 4 110 110 115 115 125 105 120 100 4 130 110 135 115 145 105 140 100 4 150 110 155 115 165 105 160 100 4 170 110 175 115 185 105 180 100 4 190 110 195 115 205 105 200 100 4 210 110 215 115 225 105 220 100 4 230 110 235 115 245 105 240 100 4 250 110 255 115 265 105 260 100 4 270 110 275 115 285 105 280 100 4 290 110 295 115 305 105 300 100 4 310 110 315 115 325 105 320 100 4 330 110 335 115 345 105 340 100 4 350 110 355 115 365 105 360 100 4 370 110 375 115 385 105 380 100 4 390 110 395 115 405 105 400 100 4 410 110 415 115 425 105 420 100 4 430 110 435 115 445 105 440 100 4 450 110 455 115 465 105 460 100 4 470 110 475 115 485 105 480 100 4 490 110 495 115 505 105 500 100 4 510 110 515 115 525 105 520 100 4 530 110 535 115 545 105 540 100 4 550 110 555 115 565 105 560 100 4 570 110 575 115 585 105 580 100 4 590 110 595 115 605 105 600 100 4 610 110 615 115 625 105 620 100 4 630 110 635 115 645 105 640 100 4 650 110 655 115 665 105 660 100 4 670 110 675 115 685 105 680 100 4 690 110 695 115 705 105 700 100 4 710 110 715 115 725 105 720 100 4 730 110 735 115 745 105 740 100 4 750 110 755 115 765 105 760 100 4 770 110 775 115 785 105 780 100 4 790 110 795 115 805 105 800 100 4 810 110 815 115 825 105 820 100 4 830 110 835 115 845 105 840 100 4 50 125 55 130 65 120 60 115 4 70 125 75 130 85 120 80 115 4 90 125 95 130 105 120 100 115 4 110 125 115 130 125 120 120 115 4 130 125 135 130 145 120 140 115 4 150 125 155 130 165 120 160 115 4 170 125 175 130 185 120 180 115 4 190 125 195 130 205 120 200 115 4 210 125 215 130 225 120 220 115 4 230 125 235 130 245 120 240 115 4 250 125 255 130 265 120 260 115 4 270 125 275 130 285 120 280 115 4 290 125 295 130 305 120 300 115 4 310 125 315 130 325 120 320 115 4 330 125 335 130 345 120 340 115 4 350 125 355 130 365 120 360 115 4 370 125 375 130 385 120 380 115 4 390 125 395 130 405 120 400 115 4 410 125 415 130 425 120 420 115 4 430 125 435 130 445 120 440 115 4 450 125 455 130 465 120 460 115 4 470 125 475 130 485 120 480 115 4 490 125 495 130 505 120 500 115 4 510 125 515 130 525 120 520 115 4 530 125 535 130 545 120 540 115 4 550 125 555 130 565 120 560 115 4 570 125 575 130 585 120 580 115 4 590 125 595 130 605 120 600 115 4 610 125 615 130 625 120 620 115 4 630 125 635 130 645 120 640 115 4 650 125 655 130 665 120 660 115 4 670 125 675 130 685 120 680 115 4 690 125 695 130 705 120 700 115 4 710 125 715 130 725 120 720 115 4 730 125 735 130 745 120 740 115 4 750 125 755 130 765 120 760 115 4 770 125 775 130 785 120 780 115 4 790 125 795 130 805 120 800 115 4 810 125 815 130 825 120 820 115 4 830 125 835 130 845 120 840 115 4 50 140 55 145 65 135 60 130 4 70 140 75 145 85 135 80 130 4 90 140 95 145 105 135 100 130 4 110 140 115 145 125 135 120 130 4 130 140 135 145 145 135 140 130 4 150 140 155 145 165 135 160 130 4 170 140 175 145 185 135 180 130 4 190 140 195 145 205 135 200 130 4 210 140 215 145 225 135 220 130 4 230 140 235 145 245 135 240 130 4 250 140 255 145 265 135 260 130 4 270 140 275 145 285 135 280 130 4 290 140 295 145 305 135 300 130 4 310 140 315 145 325 135 320 130 4 330 140 335 145 345 135 340 130 4 350 140 355 145 365 135 360 130 4 370 140 375 145 385 135 380 130 4 390 140 395 145 405 135 400 130 4 410 140 415 145 425 135 420 130 4 430 140 435 145 445 135 440 130 4 450 140 455 145 465 135 460 130 4 470 140 475 145 485 135 480 130 4 490 140 495 145 505 135 500 130 4 510 140 515 145 525 135 520 130 4 530 140 535 145 545 135 540 130 4 550 140 555 145 565 135 560 130 4 570 140 575 145 585 135 580 130 4 590 140 595 145 605 135 600 130 4 610 140 615 145 625 135 620 130 4 630 140 635 145 645 135 640 130 4 650 140 655 145 665 135 660 130 4 670 140 675 145 685 135 680 130 4 690 140 695 145 705 135 700 130 4 710 140 715 145 725 135 720 130 4 730 140 735 145 745 135 740 130 4 750 140 755 145 765 135 760 130 4 770 140 775 145 785 135 780 130 4 790 140 795 145 805 135 800 130 4 810 140 815 145 825 135 820 130 4 830 140 835 145 845 135 840 130 4 50 155 55 160 65 150 60 145 4 70 155 75 160 85 150 80 145 4 90 155 95 160 105 150 100 145 4 110 155 115 160 125 150 120 145 4 130 155 135 160 145 150 140 145 4 150 155 155 160 165 150 160 145 4 170 155 175 160 185 150 180 145 4 190 155 195 160 205 150 200 145 4 210 155 215 160 225 150 220 145 4 230 155 235 160 245 150 240 145 4 250 155 255 160 265 150 260 145 4 270 155 275 160 285 150 280 145 4 290 155 295 160 305 150 300 145 4 310 155 315 160 325 150 320 145 4 330 155 335 160 345 150 340 145 4 350 155 355 160 365 150 360 145 4 370 155 375 160 385 150 380 145 4 390 155 395 160 405 150 400 145 4 410 155 415 160 425 150 420 145 4 430 155 435 160 445 150 440 145 4 450 155 455 160 465 150 460 145 4 470 155 475 160 485 150 480 145 4 490 155 495 160 505 150 500 145 4 510 155 515 160 525 150 520 145 4 530 155 535 160 545 150 540 145 4 550 155 555 160 565 150 560 145 4 570 155 575 160 585 150 580 145 4 590 155 595 160 605 150 600 145 4 610 155 615 160 625 150 620 145 4 630 155 635 160 645 150 640 145 4 650 155 655 160 665 150 660 145 4 670 155 675 160 685 150 680 145 4 690 155 695 160 705 150 700 145 4 710 155 715 160 725 150 720 145 4 730 155 735 160 745 150 740 145 4 750 155 755 160 765 150 760 145 4 770 155 775 160 785 150 780 145 4 790 155 795 160 805 150 800 145 4 810 155 815 160 825 150 820 145 4 830 155 835 160 845 150 840 145 4 50 170 55 175 65 165 60 160 4 70 170 75 175 85 165 80 160 4 90 170 95 175 105 165 100 160 4 110 170 115 175 125 165 120 160 4 130 170 135 175 145 165 140 160 4 150 170 155 175 165 165 160 160 4 170 170 175 175 185 165 180 160 4 190 170 195 175 205 165 200 160 4 210 170 215 175 225 165 220 160 4 230 170 235 175 245 165 240 160 4 250 170 255 175 265 165 260 160 4 270 170 275 175 285 165 280 160 4 290 170 295 175 305 165 300 160 4 310 170 315 175 325 165 320 160 4 330 170 335 175 345 165 340 160 4 350 170 355 175 365 165 360 160 4 370 170 375 175 385 165 380 160 4 390 170 395 175 405 165 400 160 4 410 170 415 175 425 165 420 160 4 430 170 435 175 445 165 440 160 4 450 170 455 175 465 165 460 160 4 470 170 475 175 485 165 480 160 4 490 170 495 175 505 165 500 160 4 510 170 515 175 525 165 520 160 4 530 170 535 175 545 165 540 160 4 550 170 555 175 565 165 560 160 4 570 170 575 175 585 165 580 160 4 590 170 595 175 605 165 600 160 4 610 170 615 175 625 165 620 160 4 630 170 635 175 645 165 640 160 4 650 170 655 175 665 165 660 160 4 670 170 675 175 685 165 680 160 4 690 170 695 175 705 165 700 160 4 710 170 715 175 725 165 720 160 4 730 170 735 175 745 165 740 160 4 750 170 755 175 765 165 760 160 4 770 170 775 175 785 165 780 160 4 790 170 795 175 805 165 800 160 4 810 170 815 175 825 165 820 160 4 830 170 835 175 845 165 840 160 4 50 185 55 190 65 180 60 175 4 70 185 75 190 85 180 80 175 4 90 185 95 190 105 180 100 175 4 110 185 115 190 125 180 120 175 4 130 185 135 190 145 180 140 175 4 150 185 155 190 165 180 160 175 4 170 185 175 190 185 180 180 175 4 190 185 195 190 205 180 200 175 4 210 185 215 190 225 180 220 175 4 230 185 235 190 245 180 240 175 4 250 185 255 190 265 180 260 175 4 270 185 275 190 285 180 280 175 4 290 185 295 190 305 180 300 175 4 310 185 315 190 325 180 320 175 4 330 185 335 190 345 180 340 175 4 350 185 355 190 365 180 360 175 4 370 185 375 190 385 180 380 175 4 390 185 395 190 405 180 400 175 4 410 185 415 190 425 180 420 175 4 430 185 435 190 445 180 440 175 4 450 185 455 190 465 180 460 175 4 470 185 475 190 485 180 480 175 4 490 185 495 190 505 180 500 175 4 510 185 515 190 525 180 520 175 4 530 185 535 190 545 180 540 175 4 550 185 555 190 565 180 560 175 4 570 185 575 190 585 180 580 175 4 590 185 595 190 605 180 600 175 4 610 185 615 190 625 180 620 175 4 630 185 635 190 645 180 640 175 4 650 185 655 190 665 180 660 175 4 670 185 675 190 685 180 680 175 4 690 185 695 190 705 180 700 175 4 710 185 715 190 725 180 720 175 4 730 185 735 190 745 180 740 175 4 750 185 755 190 765 180 760 175 4 770 185 775 190 785 180 780 175 4 790 185 795 190 805 180 800 175 4 810 185 815 190 825 180 820 175 4 830 185 835 190 845 180 840 175 4 50 200 55 205 65 195 60 190 4 70 200 75 205 85 195 80 190 4 90 200 95 205 105 195 100 190 4 110 200 115 205 125 195 120 190 4 130 200 135 205 145 195 140 190 4 150 200 155 205 165 195 160 190 4 170 200 175 205 185 195 180 190 4 190 200 195 205 205 195 200 190 4 210 200 215 205 225 195 220 190 4 230 200 235 205 245 195 240 190 4 250 200 255 205 265 195 260 190 4 270 200 275 205 285 195 280 190 4 290 200 295 205 305 195 300 190 4 310 200 315 205 325 195 320 190 4 330 200 335 205 345 195 340 190 4 350 200 355 205 365 195 360 190 4 370 200 375 205 385 195 380 190 4 390 200 395 205 405 195 400 190 4 410 200 415 205 425 195 420 190 4 430 200 435 205 445 195 440 190 4 450 200 455 205 465 195 460 190 4 470 200 475 205 485 195 480 190 4 490 200 495 205 505 195 500 190 4 510 200 515 205 525 195 520 190 4 530 200 535 205 545 195 540 190 4 550 200 555 205 565 195 560 190 4 570 200 575 205 585 195 580 190 4 590 200 595 205 605 195 600 190 4 610 200 615 205 625 195 620 190 4 630 200 635 205 645 195 640 190 4 650 200 655 205 665 195 660 190 4 670 200 675 205 685 195 680 190 4 690 200 695 205 705 195 700 190 4 710 200 715 205 725 195 720 190 4 730 200 735 205 745 195 740 190 4 750 200 755 205 765 195 760 190 4 770 200 775 205 785 195 780 190 4 790 200 795 205 805 195 800 190 4 810 200 815 205 825 195 820 190 4 830 200 835 205 845 195 840 190 4 50 215 55 220 65 210 60 205 4 70 215 75 220 85 210 80 205 4 90 215 95 220 105 210 100 205 4 110 215 115 220 125 210 120 205 4 130 215 135 220 145 210 140 205 4 150 215 155 220 165 210 160 205 4 170 215 175 220 185 210 180 205 4 190 215 195 220 205 210 200 205 4 210 215 215 220 225 210 220 205 4 230 215 235 220 245 210 240 205 4 250 215 255 220 265 210 260 205 4 270 215 275 220 285 210 280 205 4 290 215 295 220 305 210 300 205 4 310 215 315 220 325 210 320 205 4 330 215 335 220 345 210 340 205 4 350 215 355 220 365 210 360 205 4 370 215 375 220 385 210 380 205 4 390 215 395 220 405 210 400 205 4 410 215 415 220 425 210 420 205 4 430 215 435 220 445 210 440 205 4 450 215 455 220 465 210 460 205 4 470 215 475 220 485 210 480 205 4 490 215 495 220 505 210 500 205 4 510 215 515 220 525 210 520 205 4 530 215 535 220 545 210 540 205 4 550 215 555 220 565 210 560 205 4 570 215 575 220 585 210 580 205 4 590 215 595 220 605 210 600 205 4 610 215 615 220 625 210 620 205 4 630 215 635 220 645 210 640 205 4 650 215 655 220 665 210 660 205 4 670 215 675 220 685 210 680 205 4 690 215 695 220 705 210 700 205 4 710 215 715 220 725 210 720 205 4 730 215 735 220 745 210 740 205 4 750 215 755 220 765 210 760 205 4 770 215 775 220 785 210 780 205 4 790 215 795 220 805 210 800 205 4 810 215 815 220 825 210 820 205 4 830 215 835 220 845 210 840 205 4 50 230 55 235 65 225 60 220 4 70 230 75 235 85 225 80 220 4 90 230 95 235 105 225 100 220 4 110 230 115 235 125 225 120 220 4 130 230 135 235 145 225 140 220 4 150 230 155 235 165 225 160 220 4 170 230 175 235 185 225 180 220 4 190 230 195 235 205 225 200 220 4 210 230 215 235 225 225 220 220 4 230 230 235 235 245 225 240 220 4 250 230 255 235 265 225 260 220 4 270 230 275 235 285 225 280 220 4 290 230 295 235 305 225 300 220 4 310 230 315 235 325 225 320 220 4 330 230 335 235 345 225 340 220 4 350 230 355 235 365 225 360 220 4 370 230 375 235 385 225 380 220 4 390 230 395 235 405 225 400 220 4 410 230 415 235 425 225 420 220 4 430 230 435 235 445 225 440 220 4 450 230 455 235 465 225 460 220 4 470 230 475 235 485 225 480 220 4 490 230 495 235 505 225 500 220 4 510 230 515 235 525 225 520 220 4 530 230 535 235 545 225 540 220 4 550 230 555 235 565 225 560 220 4 570 230 575 235 585 225 580 220 4 590 230 595 235 605 225 600 220 4 610 230 615 235 625 225 620 220 4 630 230 635 235 645 225 640 220 4 650 230 655 235 665 225 660 220 4 670 230 675 235 685 225 680 220 4 690 230 695 235 705 225 700 220 4 710 230 715 235 725 225 720 220 4 730 230 735 235 745 225 740 220 4 750 230 755 235 765 225 760 220 4 770 230 775 235 785 225 780 220 4 790 230 795 235 805 225 800 220 4 810 230 815 235 825 225 820 220 4 830 230 835 235 845 225 840 220 4 50 245 55 250 65 240 60 235 4 70 245 75 250 85 240 80 235 4 90 245 95 250 105 240 100 235 4 110 245 115 250 125 240 120 235 4 130 245 135 250 145 240 140 235 4 150 245 155 250 165 240 160 235 4 170 245 175 250 185 240 180 235 4 190 245 195 250 205 240 200 235 4 210 245 215 250 225 240 220 235 4 230 245 235 250 245 240 240 235 4 250 245 255 250 265 240 260 235 4 270 245 275 250 285 240 280 235 4 290 245 295 250 305 240 300 235 4 310 245 315 250 325 240 320 235 4 330 245 335 250 345 240 340 235 4 350 245 355 250 365 240 360 235 4 370 245 375 250 385 240 380 235 4 390 245 395 250 405 240 400 235 4 410 245 415 250 425 240 420 235 4 430 245 435 250 445 240 440 235 4 450 245 455 250 465 240 460 235 4 470 245 475 250 485 240 480 235 4 490 245 495 250 505 240 500 235 4 510 245 515 250 525 240 520 235 4 530 245 535 250 545 240 540 235 4 550 245 555 250 565 240 560 235 4 570 245 575 250 585 240 580 235 4 590 245 595 250 605 240 600 235 4 610 245 615 250 625 240 620 235 4 630 245 635 250 645 240 640 235 4 650 245 655 250 665 240 660 235 4 670 245 675 250 685 240 680 235 4 690 245 695 250 705 240 700 235 4 710 245 715 250 725 240 720 235 4 730 245 735 250 745 240 740 235 4 750 245 755 250 765 240 760 235 4 770 245 775 250 785 240 780 235 4 790 245 795 250 805 240 800 235 4 810 245 815 250 825 240 820 235 4 830 245 835 250 845 240 840 235 4 50 260 55 265 65 255 60 250 4 70 260 75 265 85 255 80 250 4 90 260 95 265 105 255 100 250 4 110 260 115 265 125 255 120 250 4 130 260 135 265 145 255 140 250 4 150 260 155 265 165 255 160 250 4 170 260 175 265 185 255 180 250 4 190 260 195 265 205 255 200 250 4 210 260 215 265 225 255 220 250 4 230 260 235 265 245 255 240 250 4 250 260 255 265 265 255 260 250 4 270 260 275 265 285 255 280 250 4 290 260 295 265 305 255 300 250 4 310 260 315 265 325 255 320 250 4 330 260 335 265 345 255 340 250 4 350 260 355 265 365 255 360 250 4 370 260 375 265 385 255 380 250 4 390 260 395 265 405 255 400 250 4 410 260 415 265 425 255 420 250 4 430 260 435 265 445 255 440 250 4 450 260 455 265 465 255 460 250 4 470 260 475 265 485 255 480 250 4 490 260 495 265 505 255 500 250 4 510 260 515 265 525 255 520 250 4 530 260 535 265 545 255 540 250 4 550 260 555 265 565 255 560 250 4 570 260 575 265 585 255 580 250 4 590 260 595 265 605 255 600 250 4 610 260 615 265 625 255 620 250 4 630 260 635 265 645 255 640 250 4 650 260 655 265 665 255 660 250 4 670 260 675 265 685 255 680 250 4 690 260 695 265 705 255 700 250 4 710 260 715 265 725 255 720 250 4 730 260 735 265 745 255 740 250 4 750 260 755 265 765 255 760 250 4 770 260 775 265 785 255 780 250 4 790 260 795 265 805 255 800 250 4 810 260 815 265 825 255 820 250 4 830 260 835 265 845 255 840 250 4 50 275 55 280 65 270 60 265 4 70 275 75 280 85 270 80 265 4 90 275 95 280 105 270 100 265 4 110 275 115 280 125 270 120 265 4 130 275 135 280 145 270 140 265 4 150 275 155 280 165 270 160 265 4 170 275 175 280 185 270 180 265 4 190 275 195 280 205 270 200 265 4 210 275 215 280 225 270 220 265 4 230 275 235 280 245 270 240 265 4 250 275 255 280 265 270 260 265 4 270 275 275 280 285 270 280 265 4 290 275 295 280 305 270 300 265 4 310 275 315 280 325 270 320 265 4 330 275 335 280 345 270 340 265 4 350 275 355 280 365 270 360 265 4 370 275 375 280 385 270 380 265 4 390 275 395 280 405 270 400 265 4 410 275 415 280 425 270 420 265 4 430 275 435 280 445 270 440 265 4 450 275 455 280 465 270 460 265 4 470 275 475 280 485 270 480 265 4 490 275 495 280 505 270 500 265 4 510 275 515 280 525 270 520 265 4 530 275 535 280 545 270 540 265 4 550 275 555 280 565 270 560 265 4 570 275 575 280 585 270 580 265 4 590 275 595 280 605 270 600 265 4 610 275 615 280 625 270 620 265 4 630 275 635 280 645 270 640 265 4 650 275 655 280 665 270 660 265 4 670 275 675 280 685 270 680 265 4 690 275 695 280 705 270 700 265 4 710 275 715 280 725 270 720 265 4 730 275 735 280 745 270 740 265 4 750 275 755 280 765 270 760 265 4 770 275 775 280 785 270 780 265 4 790 275 795 280 805 270 800 265 4 810 275 815 280 825 270 820 265 4 830 275 835 280 845 270 840 265 4 50 290 55 295 65 285 60 280 4 70 290 75 295 85 285 80 280 4 90 290 95 295 105 285 100 280 4 110 290 115 295 125 285 120 280 4 130 290 135 295 145 285 140 280 4 150 290 155 295 165 285 160 280 4 170 290 175 295 185 285 180 280 4 190 290 195 295 205 285 200 280 4 210 290 215 295 225 285 220 280 4 230 290 235 295 245 285 240 280 4 250 290 255 295 265 285 260 280 4 270 290 275 295 285 285 280 280 4 290 290 295 295 305 285 300 280 4 310 290 315 295 325 285 320 280 4 330 290 335 295 345 285 340 280 4 350 290 355 295 365 285 360 280 4 370 290 375 295 385 285 380 280 4 390 290 395 295 405 285 400 280 4 410 290 415 295 425 285 420 280 4 430 290 435 295 445 285 440 280 4 450 290 455 295 465 285 460 280 4 470 290 475 295 485 285 480 280 4 490 290 495 295 505 285 500 280 4 510 290 515 295 525 285 520 280 4 530 290 535 295 545 285 540 280 4 550 290 555 295 565 285 560 280 4 570 290 575 295 585 285 580 280 4 590 290 595 295 605 285 600 280 4 610 290 615 295 625 285 620 280 4 630 290 635 295 645 285 640 280 4 650 290 655 295 665 285 660 280 4 670 290 675 295 685 285 680 280 4 690 290 695 295 705 285 700 280 4 710 290 715 295 725 285 720 280 4 730 290 735 295 745 285 740 280 4 750 290 755 295 765 285 760 280 4 770 290 775 295 785 285 780 280 4 790 290 795 295 805 285 800 280 4 810 290 815 295 825 285 820 280 4 830 290 835 295 845 285 840 280 4 50 305 55 310 65 300 60 295 4 70 305 75 310 85 300 80 295 4 90 305 95 310 105 300 100 295 4 110 305 115 310 125 300 120 295 4 130 305 135 310 145 300 140 295 4 150 305 155 310 165 300 160 295 4 170 305 175 310 185 300 180 295 4 190 305 195 310 205 300 200 295 4 210 305 215 310 225 300 220 295 4 230 305 235 310 245 300 240 295 4 250 305 255 310 265 300 260 295 4 270 305 275 310 285 300 280 295 4 290 305 295 310 305 300 300 295 4 310 305 315 310 325 300 320 295 4 330 305 335 310 345 300 340 295 4 350 305 355 310 365 300 360 295 4 370 305 375 310 385 300 380 295 4 390 305 395 310 405 300 400 295 4 410 305 415 310 425 300 420 295 4 430 305 435 310 445 300 440 295 4 450 305 455 310 465 300 460 295 4 470 305 475 310 485 300 480 295 4 490 305 495 310 505 300 500 295 4 510 305 515 310 525 300 520 295 4 530 305 535 310 545 300 540 295 4 550 305 555 310 565 300 560 295 4 570 305 575 310 585 300 580 295 4 590 305 595 310 605 300 600 295 4 610 305 615 310 625 300 620 295 4 630 305 635 310 645 300 640 295 4 650 305 655 310 665 300 660 295 4 670 305 675 310 685 300 680 295 4 690 305 695 310 705 300 700 295 4 710 305 715 310 725 300 720 295 4 730 305 735 310 745 300 740 295 4 750 305 755 310 765 300 760 295 4 770 305 775 310 785 300 780 295 4 790 305 795 310 805 300 800 295 4 810 305 815 310 825 300 820 295 4 830 305 835 310 845 300 840 295 4 50 320 55 325 65 315 60 310 4 70 320 75 325 85 315 80 310 4 90 320 95 325 105 315 100 310 4 110 320 115 325 125 315 120 310 4 130 320 135 325 145 315 140 310 4 150 320 155 325 165 315 160 310 4 170 320 175 325 185 315 180 310 4 190 320 195 325 205 315 200 310 4 210 320 215 325 225 315 220 310 4 230 320 235 325 245 315 240 310 4 250 320 255 325 265 315 260 310 4 270 320 275 325 285 315 280 310 4 290 320 295 325 305 315 300 310 4 310 320 315 325 325 315 320 310 4 330 320 335 325 345 315 340 310 4 350 320 355 325 365 315 360 310 4 370 320 375 325 385 315 380 310 4 390 320 395 325 405 315 400 310 4 410 320 415 325 425 315 420 310 4 430 320 435 325 445 315 440 310 4 450 320 455 325 465 315 460 310 4 470 320 475 325 485 315 480 310 4 490 320 495 325 505 315 500 310 4 510 320 515 325 525 315 520 310 4 530 320 535 325 545 315 540 310 4 550 320 555 325 565 315 560 310 4 570 320 575 325 585 315 580 310 4 590 320 595 325 605 315 600 310 4 610 320 615 325 625 315 620 310 4 630 320 635 325 645 315 640 310 4 650 320 655 325 665 315 660 310 4 670 320 675 325 685 315 680 310 4 690 320 695 325 705 315 700 310 4 710 320 715 325 725 315 720 310 4 730 320 735 325 745 315 740 310 4 750 320 755 325 765 315 760 310 4 770 320 775 325 785 315 780 310 4 790 320 795 325 805 315 800 310 4 810 320 815 325 825 315 820 310 4 830 320 835 325 845 315 840 310 4 50 335 55 340 65 330 60 325 4 70 335 75 340 85 330 80 325 4 90 335 95 340 105 330 100 325 4 110 335 115 340 125 330 120 325 4 130 335 135 340 145 330 140 325 4 150 335 155 340 165 330 160 325 4 170 335 175 340 185 330 180 325 4 190 335 195 340 205 330 200 325 4 210 335 215 340 225 330 220 325 4 230 335 235 340 245 330 240 325 4 250 335 255 340 265 330 260 325 4 270 335 275 340 285 330 280 325 4 290 335 295 340 305 330 300 325 4 310 335 315 340 325 330 320 325 4 330 335 335 340 345 330 340 325 4 350 335 355 340 365 330 360 325 4 370 335 375 340 385 330 380 325 4 390 335 395 340 405 330 400 325 4 410 335 415 340 425 330 420 325 4 430 335 435 340 445 330 440 325 4 450 335 455 340 465 330 460 325 4 470 335 475 340 485 330 480 325 4 490 335 495 340 505 330 500 325 4 510 335 515 340 525 330 520 325 4 530 335 535 340 545 330 540 325 4 550 335 555 340 565 330 560 325 4 570 335 575 340 585 330 580 325 4 590 335 595 340 605 330 600 325 4 610 335 615 340 625 330 620 325 4 630 335 635 340 645 330 640 325 4 650 335 655 340 665 330 660 325 4 670 335 675 340 685 330 680 325 4 690 335 695 340 705 330 700 325 4 710 335 715 340 725 330 720 325 4 730 335 735 340 745 330 740 325 4 750 335 755 340 765 330 760 325 4 770 335 775 340 785 330 780 325 4 790 335 795 340 805 330 800 325 4 810 335 815 340 825 330 820 325 4 830 335 835 340 845 330 840 325 4 50 350 55 355 65 345 60 340 4 70 350 75 355 85 345 80 340 4 90 350 95 355 105 345 100 340 4 110 350 115 355 125 345 120 340 4 130 350 135 355 145 345 140 340 4 150 350 155 355 165 345 160 340 4 170 350 175 355 185 345 180 340 4 190 350 195 355 205 345 200 340 4 210 350 215 355 225 345 220 340 4 230 350 235 355 245 345 240 340 4 250 350 255 355 265 345 260 340 4 270 350 275 355 285 345 280 340 4 290 350 295 355 305 345 300 340 4 310 350 315 355 325 345 320 340 4 330 350 335 355 345 345 340 340 4 350 350 355 355 365 345 360 340 4 370 350 375 355 385 345 380 340 4 390 350 395 355 405 345 400 340 4 410 350 415 355 425 345 420 340 4 430 350 435 355 445 345 440 340 4 450 350 455 355 465 345 460 340 4 470 350 475 355 485 345 480 340 4 490 350 495 355 505 345 500 340 4 510 350 515 355 525 345 520 340 4 530 350 535 355 545 345 540 340 4 550 350 555 355 565 345 560 340 4 570 350 575 355 585 345 580 340 4 590 350 595 355 605 345 600 340 4 610 350 615 355 625 345 620 340 4 630 350 635 355 645 345 640 340 4 650 350 655 355 665 345 660 340 4 670 350 675 355 685 345 680 340 4 690 350 695 355 705 345 700 340 4 710 350 715 355 725 345 720 340 4 730 350 735 355 745 345 740 340 4 750 350 755 355 765 345 760 340 4 770 350 775 355 785 345 780 340 4 790 350 795 355 805 345 800 340 4 810 350 815 355 825 345 820 340 4 830 350 835 355 845 345 840 340 4 50 365 55 370 65 360 60 355 4 70 365 75 370 85 360 80 355 4 90 365 95 370 105 360 100 355 4 110 365 115 370 125 360 120 355 4 130 365 135 370 145 360 140 355 4 150 365 155 370 165 360 160 355 4 170 365 175 370 185 360 180 355 4 190 365 195 370 205 360 200 355 4 210 365 215 370 225 360 220 355 4 230 365 235 370 245 360 240 355 4 250 365 255 370 265 360 260 355 4 270 365 275 370 285 360 280 355 4 290 365 295 370 305 360 300 355 4 310 365 315 370 325 360 320 355 4 330 365 335 370 345 360 340 355 4 350 365 355 370 365 360 360 355 4 370 365 375 370 385 360 380 355 4 390 365 395 370 405 360 400 355 4 410 365 415 370 425 360 420 355 4 430 365 435 370 445 360 440 355 4 450 365 455 370 465 360 460 355 4 470 365 475 370 485 360 480 355 4 490 365 495 370 505 360 500 355 4 510 365 515 370 525 360 520 355 4 530 365 535 370 545 360 540 355 4 550 365 555 370 565 360 560 355 4 570 365 575 370 585 360 580 355 4 590 365 595 370 605 360 600 355 4 610 365 615 370 625 360 620 355 4 630 365 635 370 645 360 640 355 4 650 365 655 370 665 360 660 355 4 670 365 675 370 685 360 680 355 4 690 365 695 370 705 360 700 355 4 710 365 715 370 725 360 720 355 4 730 365 735 370 745 360 740 355 4 750 365 755 370 765 360 760 355 4 770 365 775 370 785 360 780 355 4 790 365 795 370 805 360 800 355 4 810 365 815 370 825 360 820 355 4 830 365 835 370 845 360 840 355 4 50 380 55 385 65 375 60 370 4 70 380 75 385 85 375 80 370 4 90 380 95 385 105 375 100 370 4 110 380 115 385 125 375 120 370 4 130 380 135 385 145 375 140 370 4 150 380 155 385 165 375 160 370 4 170 380 175 385 185 375 180 370 4 190 380 195 385 205 375 200 370 4 210 380 215 385 225 375 220 370 4 230 380 235 385 245 375 240 370 4 250 380 255 385 265 375 260 370 4 270 380 275 385 285 375 280 370 4 290 380 295 385 305 375 300 370 4 310 380 315 385 325 375 320 370 4 330 380 335 385 345 375 340 370 4 350 380 355 385 365 375 360 370 4 370 380 375 385 385 375 380 370 4 390 380 395 385 405 375 400 370 4 410 380 415 385 425 375 420 370 4 430 380 435 385 445 375 440 370 4 450 380 455 385 465 375 460 370 4 470 380 475 385 485 375 480 370 4 490 380 495 385 505 375 500 370 4 510 380 515 385 525 375 520 370 4 530 380 535 385 545 375 540 370 4 550 380 555 385 565 375 560 370 4 570 380 575 385 585 375 580 370 4 590 380 595 385 605 375 600 370 4 610 380 615 385 625 375 620 370 4 630 380 635 385 645 375 640 370 4 650 380 655 385 665 375 660 370 4 670 380 675 385 685 375 680 370 4 690 380 695 385 705 375 700 370 4 710 380 715 385 725 375 720 370 4 730 380 735 385 745 375 740 370 4 750 380 755 385 765 375 760 370 4 770 380 775 385 785 375 780 370 4 790 380 795 385 805 375 800 370 4 810 380 815 385 825 375 820 370 4 830 380 835 385 845 375 840 370 4 50 395 55 400 65 390 60 385 4 70 395 75 400 85 390 80 385 4 90 395 95 400 105 390 100 385 4 110 395 115 400 125 390 120 385 4 130 395 135 400 145 390 140 385 4 150 395 155 400 165 390 160 385 4 170 395 175 400 185 390 180 385 4 190 395 195 400 205 390 200 385 4 210 395 215 400 225 390 220 385 4 230 395 235 400 245 390 240 385 4 250 395 255 400 265 390 260 385 4 270 395 275 400 285 390 280 385 4 290 395 295 400 305 390 300 385 4 310 395 315 400 325 390 320 385 4 330 395 335 400 345 390 340 385 4 350 395 355 400 365 390 360 385 4 370 395 375 400 385 390 380 385 4 390 395 395 400 405 390 400 385 4 410 395 415 400 425 390 420 385 4 430 395 435 400 445 390 440 385 4 450 395 455 400 465 390 460 385 4 470 395 475 400 485 390 480 385 4 490 395 495 400 505 390 500 385 4 510 395 515 400 525 390 520 385 4 530 395 535 400 545 390 540 385 4 550 395 555 400 565 390 560 385 4 570 395 575 400 585 390 580 385 4 590 395 595 400 605 390 600 385 4 610 395 615 400 625 390 620 385 4 630 395 635 400 645 390 640 385 4 650 395 655 400 665 390 660 385 4 670 395 675 400 685 390 680 385 4 690 395 695 400 705 390 700 385 4 710 395 715 400 725 390 720 385 4 730 395 735 400 745 390 740 385 4 750 395 755 400 765 390 760 385 4 770 395 775 400 785 390 780 385 4 790 395 795 400 805 390 800 385 4 810 395 815 400 825 390 820 385 4 830 395 835 400 845 390 840 385 4 50 410 55 415 65 405 60 400 4 70 410 75 415 85 405 80 400 4 90 410 95 415 105 405 100 400 4 110 410 115 415 125 405 120 400 4 130 410 135 415 145 405 140 400 4 150 410 155 415 165 405 160 400 4 170 410 175 415 185 405 180 400 4 190 410 195 415 205 405 200 400 4 210 410 215 415 225 405 220 400 4 230 410 235 415 245 405 240 400 4 250 410 255 415 265 405 260 400 4 270 410 275 415 285 405 280 400 4 290 410 295 415 305 405 300 400 4 310 410 315 415 325 405 320 400 4 330 410 335 415 345 405 340 400 4 350 410 355 415 365 405 360 400 4 370 410 375 415 385 405 380 400 4 390 410 395 415 405 405 400 400 4 410 410 415 415 425 405 420 400 4 430 410 435 415 445 405 440 400 4 450 410 455 415 465 405 460 400 4 470 410 475 415 485 405 480 400 4 490 410 495 415 505 405 500 400 4 510 410 515 415 525 405 520 400 4 530 410 535 415 545 405 540 400 4 550 410 555 415 565 405 560 400 4 570 410 575 415 585 405 580 400 4 590 410 595 415 605 405 600 400 4 610 410 615 415 625 405 620 400 4 630 410 635 415 645 405 640 400 4 650 410 655 415 665 405 660 400 4 670 410 675 415 685 405 680 400 4 690 410 695 415 705 405 700 400 4 710 410 715 415 725 405 720 400 4 730 410 735 415 745 405 740 400 4 750 410 755 415 765 405 760 400 4 770 410 775 415 785 405 780 400 4 790 410 795 415 805 405 800 400 4 810 410 815 415 825 405 820 400 4 830 410 835 415 845 405 840 400 4 50 425 55 430 65 420 60 415 4 70 425 75 430 85 420 80 415 4 90 425 95 430 105 420 100 415 4 110 425 115 430 125 420 120 415 4 130 425 135 430 145 420 140 415 4 150 425 155 430 165 420 160 415 4 170 425 175 430 185 420 180 415 4 190 425 195 430 205 420 200 415 4 210 425 215 430 225 420 220 415 4 230 425 235 430 245 420 240 415 4 250 425 255 430 265 420 260 415 4 270 425 275 430 285 420 280 415 4 290 425 295 430 305 420 300 415 4 310 425 315 430 325 420 320 415 4 330 425 335 430 345 420 340 415 4 350 425 355 430 365 420 360 415 4 370 425 375 430 385 420 380 415 4 390 425 395 430 405 420 400 415 4 410 425 415 430 425 420 420 415 4 430 425 435 430 445 420 440 415 4 450 425 455 430 465 420 460 415 4 470 425 475 430 485 420 480 415 4 490 425 495 430 505 420 500 415 4 510 425 515 430 525 420 520 415 4 530 425 535 430 545 420 540 415 4 550 425 555 430 565 420 560 415 4 570 425 575 430 585 420 580 415 4 590 425 595 430 605 420 600 415 4 610 425 615 430 625 420 620 415 4 630 425 635 430 645 420 640 415 4 650 425 655 430 665 420 660 415 4 670 425 675 430 685 420 680 415 4 690 425 695 430 705 420 700 415 4 710 425 715 430 725 420 720 415 4 730 425 735 430 745 420 740 415 4 750 425 755 430 765 420 760 415 4 770 425 775 430 785 420 780 415 4 790 425 795 430 805 420 800 415 4 810 425 815 430 825 420 820 415 4 830 425 835 430 845 420 840 415 4 50 440 55 445 65 435 60 430 4 70 440 75 445 85 435 80 430 4 90 440 95 445 105 435 100 430 4 110 440 115 445 125 435 120 430 4 130 440 135 445 145 435 140 430 4 150 440 155 445 165 435 160 430 4 170 440 175 445 185 435 180 430 4 190 440 195 445 205 435 200 430 4 210 440 215 445 225 435 220 430 4 230 440 235 445 245 435 240 430 4 250 440 255 445 265 435 260 430 4 270 440 275 445 285 435 280 430 4 290 440 295 445 305 435 300 430 4 310 440 315 445 325 435 320 430 4 330 440 335 445 345 435 340 430 4 350 440 355 445 365 435 360 430 4 370 440 375 445 385 435 380 430 4 390 440 395 445 405 435 400 430 4 410 440 415 445 425 435 420 430 4 430 440 435 445 445 435 440 430 4 450 440 455 445 465 435 460 430 4 470 440 475 445 485 435 480 430 4 490 440 495 445 505 435 500 430 4 510 440 515 445 525 435 520 430 4 530 440 535 445 545 435 540 430 4 550 440 555 445 565 435 560 430 4 570 440 575 445 585 435 580 430 4 590 440 595 445 605 435 600 430 4 610 440 615 445 625 435 620 430 4 630 440 635 445 645 435 640 430 4 650 440 655 445 665 435 660 430 4 670 440 675 445 685 435 680 430 4 690 440 695 445 705 435 700 430 4 710 440 715 445 725 435 720 430 4 730 440 735 445 745 435 740 430 4 750 440 755 445 765 435 760 430 4 770 440 775 445 785 435 780 430 4 790 440 795 445 805 435 800 430 4 810 440 815 445 825 435 820 430 4 830 440 835 445 845 435 840 430 4 50 455 55 460 65 450 60 445 4 70 455 75 460 85 450 80 445 4 90 455 95 460 105 450 100 445 4 110 455 115 460 125 450 120 445 4 130 455 135 460 145 450 140 445 4 150 455 155 460 165 450 160 445 4 170 455 175 460 185 450 180 445 4 190 455 195 460 205 450 200 445 4 210 455 215 460 225 450 220 445 4 230 455 235 460 245 450 240 445 4 250 455 255 460 265 450 260 445 4 270 455 275 460 285 450 280 445 4 290 455 295 460 305 450 300 445 4 310 455 315 460 325 450 320 445 4 330 455 335 460 345 450 340 445 4 350 455 355 460 365 450 360 445 4 370 455 375 460 385 450 380 445 4 390 455 395 460 405 450 400 445 4 410 455 415 460 425 450 420 445 4 430 455 435 460 445 450 440 445 4 450 455 455 460 465 450 460 445 4 470 455 475 460 485 450 480 445 4 490 455 495 460 505 450 500 445 4 510 455 515 460 525 450 520 445 4 530 455 535 460 545 450 540 445 4 550 455 555 460 565 450 560 445 4 570 455 575 460 585 450 580 445 4 590 455 595 460 605 450 600 445 4 610 455 615 460 625 450 620 445 4 630 455 635 460 645 450 640 445 4 650 455 655 460 665 450 660 445 4 670 455 675 460 685 450 680 445 4 690 455 695 460 705 450 700 445 4 710 455 715 460 725 450 720 445 4 730 455 735 460 745 450 740 445 4 750 455 755 460 765 450 760 445 4 770 455 775 460 785 450 780 445 4 790 455 795 460 805 450 800 445 4 810 455 815 460 825 450 820 445 4 830 455 835 460 845 450 840 445 4 50 470 55 475 65 465 60 460 4 70 470 75 475 85 465 80 460 4 90 470 95 475 105 465 100 460 4 110 470 115 475 125 465 120 460 4 130 470 135 475 145 465 140 460 4 150 470 155 475 165 465 160 460 4 170 470 175 475 185 465 180 460 4 190 470 195 475 205 465 200 460 4 210 470 215 475 225 465 220 460 4 230 470 235 475 245 465 240 460 4 250 470 255 475 265 465 260 460 4 270 470 275 475 285 465 280 460 4 290 470 295 475 305 465 300 460 4 310 470 315 475 325 465 320 460 4 330 470 335 475 345 465 340 460 4 350 470 355 475 365 465 360 460 4 370 470 375 475 385 465 380 460 4 390 470 395 475 405 465 400 460 4 410 470 415 475 425 465 420 460 4 430 470 435 475 445 465 440 460 4 450 470 455 475 465 465 460 460 4 470 470 475 475 485 465 480 460 4 490 470 495 475 505 465 500 460 4 510 470 515 475 525 465 520 460 4 530 470 535 475 545 465 540 460 4 550 470 555 475 565 465 560 460 4 570 470 575 475 585 465 580 460 4 590 470 595 475 605 465 600 460 4 610 470 615 475 625 465 620 460 4 630 470 635 475 645 465 640 460 4 650 470 655 475 665 465 660 460 4 670 470 675 475 685 465 680 460 4 690 470 695 475 705 465 700 460 4 710 470 715 475 725 465 720 460 4 730 470 735 475 745 465 740 460 4 750 470 755 475 765 465 760 460 4 770 470 775 475 785 465 780 460 4 790 470 795 475 805 465 800 460 4 810 470 815 475 825 465 820 460 4 830 470 835 475 845 465 840 460 
